{
  "tags": [{"pose": {"translation": {"x": 1507.9471999999998, "y": 24.5872, "z": 135.58520000000001}, "rotation": [[-0.866, 0.0, 0.5], [-0.5, 0.0, -0.866], [0.0, -1.0, 0.0]]}, "ID": 1}, {"pose": {"translation": {"x": 1618.5134, "y": 88.3666, "z": 135.58520000000001}, "rotation": [[-0.866, 0.0, 0.5], [-0.5, 0.0, -0.866], [0.0, -1.0, 0.0]]}, "ID": 2}, {"pose": {"translation": {"x": 1657.9342000000001, "y": 498.2718, "z": 145.11020000000002}, "rotation": [[-0.0, 0.0, 1.0], [-1.0, 0.0, -0.0], [0.0, -1.0, 0.0]]}, "ID": 3}, {"pose": {"translation": {"x": 1657.9342000000001, "y": 554.7868, "z": 145.11020000000002}, "rotation": [[-0.0, 0.0, 1.0], [-1.0, 0.0, -0.0], [0.0, -1.0, 0.0]]}, "ID": 4}, {"pose": {"translation": {"x": 1470.0758, "y": 820.42, "z": 135.58520000000001}, "rotation": [[1.0, 0.0, 0.0], [-0.0, 0.0, 1.0], [0.0, -1.0, 0.0]]}, "ID": 5}, {"pose": {"translation": {"x": 184.15, "y": 820.42, "z": 135.58520000000001}, "rotation": [[1.0, 0.0, 0.0], [-0.0, 0.0, 1.0], [0.0, -1.0, 0.0]]}, "ID": 6}, {"pose": {"translation": {"x": -3.81, "y": 554.7868, "z": 145.11020000000002}, "rotation": [[0.0, 0.0, -1.0], [1.0, 0.0, 0.0], [0.0, -1.0, 0.0]]}, "ID": 7}, {"pose": {"translation": {"x": -3.81, "y": 498.2718, "z": 145.11020000000002}, "rotation": [[0.0, 0.0, -1.0], [1.0, 0.0, 0.0], [0.0, -1.0, 0.0]]}, "ID": 8}, {"pose": {"translation": {"x": 35.6108, "y": 88.3666, "z": 135.58520000000001}, "rotation": [[-0.866, 0.0, -0.5], [0.5, 0.0, -0.866], [0.0, -1.0, 0.0]]}, "ID": 9}, {"pose": {"translation": {"x": 146.1516, "y": 24.5872, "z": 135.58520000000001}, "rotation": [[-0.866, 0.0, -0.5], [0.5, 0.0, -0.866], [0.0, -1.0, 0.0]]}, "ID": 10}, {"pose": {"translation": {"x": 1190.4726, "y": 371.3226, "z": 132.08}, "rotation": [[0.866, 0.0, -0.5], [0.5, 0.0, 0.866], [0.0, -1.0, 0.0]]}, "ID": 11}, {"pose": {"translation": {"x": 1190.4726, "y": 449.834, "z": 132.08}, "rotation": [[-0.866, 0.0, -0.5], [0.5, 0.0, -0.866], [0.0, -1.0, 0.0]]}, "ID": 12}, {"pose": {"translation": {"x": 1122.0196, "y": 410.51480000000004, "z": 132.08}, "rotation": [[-0.0, 0.0, 1.0], [-1.0, 0.0, -0.0], [0.0, -1.0, 0.0]]}, "ID": 13}, {"pose": {"translation": {"x": 532.0792, "y": 410.51480000000004, "z": 132.08}, "rotation": [[0.0, 0.0, -1.0], [1.0, 0.0, 0.0], [0.0, -1.0, 0.0]]}, "ID": 14}, {"pose": {"translation": {"x": 464.13419999999996, "y": 449.834, "z": 132.08}, "rotation": [[-0.866, 0.0, 0.5], [-0.5, 0.0, -0.866], [0.0, -1.0, 0.0]]}, "ID": 15}, {"pose": {"translation": {"x": 464.13419999999996, "y": 371.3226, "z": 132.08}, "rotation": [[0.866, 0.0, 0.5], [-0.5, 0.0, 0.866], [0.0, -1.0, 0.0]]}, "ID": 16}],
  "field": {
    "length": 16.54175,
    "width": 8.21055
  }
}